$ANSIBLE_VAULT;1.1;AES256
36643364316365326232626463346634656135666361633761653232646465363135353833353663
6436323538343536383466316363393133356566303333640a623430313666616332636262326334
37633338616230663663333339613931646439356166336333363634383330373361356364386339
6262313338363065300a633938343634306333623462323961343532383764613439636162346133
33343764373637623835303239383431316135323633643461626232616530393530313438343865
61343933326465353439303365633866396231396631663534326233633833323731363233386536
36643365303132316165643561323266346138386236633131613332356135373430313366653735
30623865396262343531313665396433326665646166366165643835313339316336396633616334
63633037643863663865363431613339376631323437313139303731396632363764623337376461
65666439306164363935663166316138323334613261323336363463653165353863313133383439
37613638396636653366396335323038393435306565306631656436303731653166336538663731
65646233396438306564396364666430613138373635303162323634663865393130356563336536
30623537313830626464363061636431333237666533393063383837316163623631353232663065
36353036393439383439343133343330393663303166383337366537333731653265366331356335
66643665633038316334653033613963373931333233326338303662643364623236373230666166
66383838633234323730383435353665356131396365646665303138353237346265623230623565
66323433336337383534336334326333643131343431343139636132306530336331323237396661
31316338316139363161626638336535323537646530636663353735623964306464353064386363
36656134393664376230656435326131376636393866326165326664616465303630303334646233
61356635663837326364323636623935373332623432383738383066313863623231363339343966
32393630343061313262333766643265386464613535313237653664356265373233316661306435
62336532373164353034343931616166303063623736343461386638313838333030326335366437
66323764313365613162396532396533336361313732373338376338326363653563666635623837
32376431376536616538626533386462666530353963633065383937323132353465386431373332
35376565353431613136323836613234613936656364653337393332393865313866366436653732
34316561316266613534656538363863383562373931356431646536633963366430386233303230
36396131613537373033396237656336626137613463626633313936633733373635343466663265
63363562323863666565
